2.694579999999999842e+01 5.000000000000000000e+00
3.690200000000000102e+01 6.000000000000000000e+00
4.037460000000000093e+01 7.000000000000000000e+00
4.889280000000000115e+01 8.000000000000000000e+00
4.755330000000000013e+01 9.000000000000000000e+00
6.095069999999999766e+01 1.000000000000000000e+01
6.889010000000000389e+01 1.100000000000000000e+01
6.247070000000000078e+01 1.200000000000000000e+01
7.117870000000000630e+01 1.300000000000000000e+01
7.623539999999999850e+01 1.400000000000000000e+01
8.434999999999999432e+01 1.500000000000000000e+01
8.853239999999999554e+01 1.600000000000000000e+01
9.375239999999999441e+01 1.700000000000000000e+01
9.986899999999999977e+01 1.800000000000000000e+01
1.030758000000000010e+02 1.900000000000000000e+01
1.059381999999999948e+02 2.000000000000000000e+01
1.122360000000000042e+02 2.100000000000000000e+01
1.127683999999999997e+02 2.200000000000000000e+01
1.258213999999999970e+02 2.300000000000000000e+01
1.303371999999999957e+02 2.400000000000000000e+01
1.294011000000000138e+02 2.500000000000000000e+01
1.383491999999999962e+02 2.600000000000000000e+01
1.447210000000000036e+02 2.700000000000000000e+01
1.457974000000000103e+02 2.800000000000000000e+01
1.462753999999999905e+02 2.900000000000000000e+01
1.583729999999999905e+02 3.000000000000000000e+01
1.623319999999999936e+02 3.100000000000000000e+01
1.630158000000000129e+02 3.200000000000000000e+01
1.782136999999999887e+02 3.300000000000000000e+01
1.765201000000000136e+02 3.400000000000000000e+01
1.815006999999999948e+02 3.500000000000000000e+01
1.889603999999999928e+02 3.600000000000000000e+01
1.942810000000000059e+02 3.700000000000000000e+01
2.005082999999999913e+02 3.800000000000000000e+01
2.066407000000000096e+02 3.900000000000000000e+01
2.089917000000000087e+02 4.000000000000000000e+01
2.097027999999999963e+02 4.100000000000000000e+01
2.139859999999999900e+02 4.200000000000000000e+01
2.306727999999999952e+02 4.300000000000000000e+01
2.301657999999999902e+02 4.400000000000000000e+01
2.299850999999999885e+02 4.500000000000000000e+01
2.364439000000000135e+02 4.600000000000000000e+01
2.413420999999999879e+02 4.700000000000000000e+01
2.492564000000000135e+02 4.800000000000000000e+01
2.505423000000000116e+02 4.900000000000000000e+01
2.533365000000000009e+02 5.000000000000000000e+01
2.624599999999999795e+02 5.100000000000000000e+01
2.675495999999999981e+02 5.200000000000000000e+01
2.795957000000000221e+02 5.300000000000000000e+01
2.727859000000000265e+02 5.400000000000000000e+01
2.779588999999999714e+02 5.500000000000000000e+01
2.865747000000000071e+02 5.600000000000000000e+01
2.962923999999999864e+02 5.700000000000000000e+01
2.977671000000000276e+02 5.800000000000000000e+01
3.055004999999999882e+02 5.900000000000000000e+01
3.113562999999999761e+02 6.000000000000000000e+01
3.102294999999999732e+02 6.100000000000000000e+01
3.183675999999999817e+02 6.200000000000000000e+01
3.187887000000000057e+02 6.300000000000000000e+01
3.280366000000000213e+02 6.400000000000000000e+01
3.349449000000000183e+02 6.500000000000000000e+01
3.368824999999999932e+02 6.600000000000000000e+01
3.410167999999999893e+02 6.700000000000000000e+01
3.469830000000000041e+02 6.800000000000000000e+01
3.516696000000000026e+02 6.900000000000000000e+01
3.579458999999999946e+02 7.000000000000000000e+01
3.606938000000000102e+02 7.100000000000000000e+01
3.655591000000000008e+02 7.200000000000000000e+01
3.665905000000000200e+02 7.300000000000000000e+01
3.765375999999999976e+02 7.400000000000000000e+01
3.822629000000000019e+02 7.500000000000000000e+01
3.839791000000000167e+02 7.600000000000000000e+01
3.928014999999999759e+02 7.700000000000000000e+01
3.980813999999999737e+02 7.800000000000000000e+01
4.075543000000000120e+02 7.900000000000000000e+01
4.051567999999999756e+02 8.000000000000000000e+01
4.094424999999999955e+02 8.100000000000000000e+01
4.136154000000000224e+02 8.200000000000000000e+01
4.186668999999999983e+02 8.300000000000000000e+01
4.362352999999999952e+02 8.400000000000000000e+01
4.350436000000000263e+02 8.500000000000000000e+01
4.315967999999999734e+02 8.600000000000000000e+01
4.433109000000000037e+02 8.700000000000000000e+01
4.467586000000000013e+02 8.800000000000000000e+01
4.520894999999999868e+02 8.900000000000000000e+01
4.565489999999999782e+02 9.000000000000000000e+01
4.599232000000000085e+02 9.100000000000000000e+01
4.662386999999999944e+02 9.200000000000000000e+01
4.790597000000000207e+02 9.300000000000000000e+01
4.754522999999999797e+02 9.400000000000000000e+01
4.808822999999999865e+02 9.500000000000000000e+01
4.818174000000000206e+02 9.600000000000000000e+01
4.849381000000000199e+02 9.700000000000000000e+01
4.942885999999999740e+02 9.800000000000000000e+01
5.031322999999999865e+02 9.900000000000000000e+01
5.115258999999999787e+02 1.000000000000000000e+02
5.034744999999999777e+02 1.010000000000000000e+02
5.127100000000000364e+02 1.020000000000000000e+02
5.210013000000000147e+02 1.030000000000000000e+02
5.201366000000000440e+02 1.040000000000000000e+02
