0.02282  
0.017493  
0.0681598  
0.0119638  
0.018054  
0.0146918  
0.0110929  
0.00653481  
0.00267696  
0.0273068  
0.0216169  
0.0165598  
0.0133488  
0.0109599  
0.0102818  
0.00928497  
0.00594187  
0.00259995  
0.011044  
0.018312  
0.0122418  
0.0117428  
0.00825596  
0.00758696  
0.000135899  
0.00262094  
0.0859339  
0.0109589  
0.0128429  
0.0125148  
0.011565  
0.00790381  
0.00355983  
0.10341  
0.0602329  
0.0796928  
0.066757  
0.063488  
7.48634e-05  
0.00486898  
0  
0.00106883  
0.108733  
0.0965889  
0.0854218  
0.0074749  
0.0516338  
0.0557759  
0.00212502  
0.0474248  
0.043191  
0.10636  
0.0674579  
0.0824318  
0.00154495  
0.0483549  
0.0434299  
0.246803  
0.0478928  
0.0403669  
0.0371048  
0.0969589  
0.0282609  
0.0449328  
0.0437448  
0.039999  
0.035358  
0.0348279  
0.0326018  
0.0341959  
0.0299149  
0.0907938  
0.0364969  
0.0355258  
0.0342488  
0.030268  
0.0291748  
0.0254798  
0.024096  
0.0286908  
0.0223229  